|labels 1 |pixels 0 0 0 0 0 0 0 0  0 0 0 0 1 0 0 0  0 0 0 0 1 0 0 0  0 0 1 0 1 0 0 0  0 0 0 0 1 0 0 0  0 0 0 0 1 0 0 0  0 0 1 1 1 1 1 0  0 0 0 0 0 0 0 0
|labels 1 |pixels 0 0 0 0 0 0 0 0  0 0 0 0 1 0 0 0  0 0 0 1 1 0 0 0  0 0 1 0 1 0 0 0  0 0 0 0 1 0 0 0  0 0 0 0 1 0 0 0  0 0 1 1 1 1 1 0  0 0 0 0 0 0 0 0
|labels 1 |pixels 0 0 0 0 0 0 0 0  0 0 0 0 1 0 0 0  0 0 0 1 1 0 0 0  0 0 1 0 1 0 0 0  0 0 0 0 1 0 0 0  0 0 0 0 1 0 0 0  0 0 1 1 1 1 1 0  0 0 0 0 0 0 0 0
|labels 1 |pixels 0 0 0 0 0 0 0 0  0 0 0 0 1 0 0 0  0 0 0 1 1 0 0 0  0 0 1 0 1 0 0 0  0 0 0 0 1 0 0 0  0 0 0 0 1 0 0 0  0 0 1 1 1 1 1 0  0 0 0 0 0 0 0 0
|labels 1 |pixels 0 0 0 0 0 0 0 0  0 0 0 0 1 0 0 0  0 0 0 1 1 0 0 0  0 0 1 0 1 0 0 0  0 0 0 0 1 0 0 0  0 0 0 0 1 0 0 0  0 0 1 1 1 1 1 0  0 0 0 0 0 0 0 0
|labels 1 |pixels 0 0 0 0 1 0 0 0  0 0 0 0 1 0 0 0  0 0 0 1 1 0 0 0  0 0 1 0 1 0 0 0  0 0 0 0 1 0 0 0  0 0 0 0 1 0 0 0  0 0 1 1 1 1 1 0  0 0 0 0 0 0 0 0
|labels 1 |pixels 0 0 0 0 0 1 0 0  0 0 0 0 1 0 0 0  0 0 0 1 1 0 0 0  0 0 1 0 1 0 0 0  0 0 0 0 1 0 0 0  0 0 0 0 1 0 0 0  0 0 1 1 1 1 1 0  0 0 0 0 0 0 0 0
|labels 1 |pixels 0 0 0 0 0 0 0 0  0 0 0 0 1 0 0 0  0 0 0 1 1 0 0 0  0 0 1 0 1 0 0 0  0 0 0 0 1 0 0 0  0 0 0 0 1 0 0 0  0 0 1 1 1 1 1 0  0 0 0 0 0 0 0 0
|labels 1 |pixels 0 0 0 0 0 0 0 0  0 0 0 0 1 0 0 0  0 0 0 1 1 0 0 0  0 0 1 0 1 0 0 0  0 0 0 0 1 0 0 0  0 0 0 0 1 0 0 0  0 0 1 1 1 1 1 0  0 0 0 0 0 0 0 0
|labels 1 |pixels 0 0 0 0 0 0 0 0  0 0 0 0 1 0 0 0  0 0 0 1 1 0 0 0  0 0 1 0 1 0 0 0  0 0 0 0 1 0 0 0  0 0 0 0 1 0 0 0  0 0 1 1 1 1 1 0  0 0 0 0 0 0 0 0
|labels 1 |pixels 0 0 0 0 0 0 0 0  0 0 0 0 1 0 0 0  0 0 0 1 1 0 0 0  0 0 1 0 1 0 0 0  0 0 0 0 1 0 0 0  0 0 0 0 1 0 0 0  0 0 1 1 1 1 1 0  0 0 0 0 0 0 0 0
|labels 1 |pixels 0 0 0 0 0 0 0 0  0 0 0 0 1 0 0 0  0 0 0 0 1 0 0 0  0 0 1 0 1 0 0 0  0 0 0 0 1 0 0 0  0 0 0 0 1 0 0 0  0 0 1 1 1 1 1 0  0 0 1 0 0 0 0 0
|labels 1 |pixels 0 0 0 0 0 0 0 0  0 0 0 0 1 0 0 0  0 0 0 1 1 0 0 0  0 0 1 0 1 0 0 0  0 0 0 0 1 0 0 0  0 0 0 0 1 0 0 0  0 0 1 1 1 1 1 0  0 0 0 0 0 0 0 0
|labels 1 |pixels 0 0 0 0 0 0 0 0  0 0 0 0 1 0 0 0  0 0 0 1 1 0 0 0  0 0 1 0 1 0 0 0  0 0 0 0 1 0 0 0  0 0 0 0 1 0 0 0  0 0 1 0 1 1 1 0  0 0 0 0 0 0 0 0
|labels 1 |pixels 0 0 0 0 0 0 0 0  0 0 0 0 1 0 0 0  0 0 0 1 1 0 0 0  0 0 1 0 1 0 0 0  0 0 0 0 1 0 0 0  0 0 0 0 1 0 0 0  0 0 1 1 1 1 1 0  0 0 0 0 0 0 0 0
|labels 1 |pixels 0 1 0 0 0 0 0 0  0 0 0 0 1 0 0 0  0 0 0 1 1 0 0 0  0 0 1 0 1 0 0 0  0 0 0 0 1 0 0 0  0 0 0 0 1 0 0 0  0 0 1 1 1 1 1 0  0 0 0 0 0 0 0 0
|labels 1 |pixels 0 0 0 0 0 0 0 0  0 0 0 0 1 0 0 0  0 0 0 1 0 0 0 0  0 0 1 0 1 0 0 0  0 0 0 0 1 0 0 0  0 0 0 0 1 0 0 0  0 0 1 1 1 1 1 0  0 0 0 0 0 0 0 0
|labels 1 |pixels 0 0 0 0 0 0 0 0  0 0 0 0 1 0 0 0  0 0 0 1 1 0 0 0  0 0 1 0 1 0 0 0  0 0 0 0 1 0 0 0  0 0 0 0 1 0 0 0  0 0 1 1 1 1 1 0  0 0 0 0 0 0 0 0
|labels 1 |pixels 0 0 0 0 0 0 0 0  0 0 0 0 1 0 0 0  0 0 0 1 1 0 0 0  0 0 1 0 1 0 0 0  0 0 0 0 1 0 0 0  0 0 0 0 1 0 0 0  0 0 1 1 1 1 1 0  0 0 0 0 0 0 0 0
|labels 1 |pixels 0 0 0 0 0 0 0 0  0 0 0 0 1 0 0 0  0 0 0 1 1 0 0 0  0 0 1 0 1 0 0 0  0 0 0 0 1 0 0 0  0 0 0 0 1 0 0 0  0 0 1 1 1 1 1 0  0 0 0 0 0 0 0 0
|labels 1 |pixels 0 0 0 0 0 0 0 0  0 0 0 0 1 0 0 0  0 0 0 1 1 0 0 0  0 0 1 0 1 0 0 0  0 0 0 0 1 0 0 0  0 0 0 0 1 0 0 0  0 0 1 1 1 1 1 0  0 0 0 0 0 0 0 0
|labels 1 |pixels 0 0 0 0 0 0 0 0  0 0 0 0 1 0 0 0  0 0 0 1 1 0 0 0  0 0 1 0 1 0 0 0  0 0 0 0 1 0 0 0  0 0 0 0 1 0 0 0  0 0 1 1 1 1 1 0  0 0 0 0 0 0 0 0
|labels 1 |pixels 0 0 0 0 0 0 0 0  0 0 0 0 1 0 0 0  0 0 0 1 1 0 0 0  0 0 1 0 1 0 0 0  0 0 0 0 1 0 0 0  0 0 0 0 1 0 0 0  0 0 1 1 1 1 1 0  0 0 0 0 0 0 0 0
|labels 1 |pixels 0 0 0 0 0 0 0 0  0 0 0 0 1 0 0 0  0 0 0 1 1 0 0 0  0 0 1 0 1 0 0 0  0 0 0 0 1 0 0 0  0 0 0 0 1 0 0 0  0 0 1 1 1 1 1 0  0 0 0 0 0 0 0 0
|labels 1 |pixels 0 0 0 0 0 0 0 0  0 0 0 0 1 0 0 0  0 0 0 1 1 0 0 0  0 0 1 0 1 0 0 0  0 0 0 0 1 0 0 0  0 0 0 0 1 0 0 0  0 0 1 1 1 1 1 0  0 0 0 0 0 0 0 0
|labels 1 |pixels 0 0 0 0 0 0 0 0  0 0 0 0 1 0 0 0  0 0 0 1 1 0 0 0  0 0 1 0 1 0 0 0  0 0 0 0 1 0 0 0  0 0 0 0 1 0 0 0  0 0 1 1 1 1 1 0  0 0 0 0 0 0 0 0
|labels 1 |pixels 0 0 0 1 0 0 0 0  0 0 0 0 1 0 0 0  0 0 0 1 1 0 0 0  0 0 1 0 1 0 0 0  0 0 0 0 1 0 0 0  0 0 0 0 1 0 0 0  0 0 1 1 1 0 1 0  0 0 0 0 0 0 0 0
|labels 1 |pixels 0 0 0 0 0 0 0 0  0 0 0 0 1 0 0 0  0 0 0 1 1 0 0 0  0 0 1 0 1 0 0 0  0 0 0 0 1 0 0 0  0 0 0 0 1 0 0 0  0 0 1 1 1 1 1 0  0 0 0 0 0 0 0 0
|labels 1 |pixels 0 0 0 0 0 0 0 0  0 0 0 0 1 0 0 0  0 0 0 1 1 0 0 0  0 0 1 0 1 0 0 0  0 0 0 0 1 0 0 0  1 0 0 0 1 0 0 0  0 0 1 1 1 1 1 0  0 0 0 0 0 0 0 0
|labels 1 |pixels 0 0 0 0 0 0 0 0  0 0 0 0 1 0 0 0  0 0 0 1 1 0 0 0  0 0 1 0 1 0 0 0  0 0 0 0 1 0 0 0  0 0 0 0 1 0 0 0  0 0 1 1 1 1 1 0  0 0 0 0 0 0 0 0
|labels 1 |pixels 0 0 0 0 0 0 0 0  0 0 0 0 1 0 0 0  0 0 0 1 1 0 0 0  0 0 1 0 1 0 0 0  0 0 0 0 1 0 0 0  0 0 0 0 1 0 0 0  0 0 1 1 1 1 1 0  0 0 0 0 0 0 0 0
|labels 1 |pixels 0 0 0 0 0 0 0 0  0 0 0 0 1 0 0 0  0 0 0 1 1 0 0 0  0 0 0 0 1 0 0 0  0 0 0 0 1 0 0 0  0 0 0 0 1 0 0 0  0 0 1 1 1 1 1 0  0 0 0 0 0 0 0 0
|labels 0 |pixels 0 0 0 0 0 0 0 0  0 0 1 1 1 1 0 0  0 1 0 0 0 0 1 0  0 0 0 0 0 0 1 0  0 0 1 1 1 1 0 0  0 1 0 0 0 0 0 0  0 1 1 1 1 1 1 0  0 0 0 0 0 0 0 0
|labels 0 |pixels 0 0 0 0 0 0 0 0  0 0 1 1 1 1 0 0  0 1 0 0 0 0 1 0  0 0 0 0 0 0 1 0  0 0 1 1 1 1 0 0  0 1 0 0 0 0 0 0  0 1 1 1 1 1 1 0  0 0 0 0 0 0 0 0
|labels 0 |pixels 0 0 0 0 0 0 0 0  0 0 1 1 1 1 0 0  0 1 0 0 0 0 1 0  0 0 0 0 0 0 1 0  0 0 1 1 1 1 0 0  0 1 0 0 0 0 0 0  0 1 1 1 1 1 1 0  0 0 0 0 0 0 0 0
|labels 0 |pixels 0 0 0 0 0 0 0 0  0 0 1 1 1 1 0 0  0 1 0 0 0 0 1 0  0 0 0 0 0 0 1 0  0 0 1 1 1 1 0 0  0 1 0 0 0 0 0 0  0 1 1 1 1 1 1 0  0 0 0 0 0 0 0 0
|labels 0 |pixels 0 0 0 0 0 0 0 0  0 0 1 1 1 1 0 0  0 1 0 0 0 0 1 0  0 0 0 0 0 0 1 0  0 0 1 1 1 1 0 0  0 1 0 0 0 0 0 0  0 1 1 1 1 1 1 0  0 0 0 0 0 0 0 0
|labels 0 |pixels 0 0 0 0 0 0 0 0  0 0 1 1 1 1 0 0  0 1 0 0 0 0 1 0  0 0 0 0 0 0 1 0  0 0 1 1 1 1 0 0  0 1 0 0 0 0 0 0  0 1 1 1 1 1 1 0  0 0 0 0 0 0 0 0
|labels 0 |pixels 0 0 0 0 0 0 0 0  0 0 1 1 1 1 0 0  0 1 0 0 0 0 1 0  0 0 0 0 0 0 1 0  0 0 1 1 1 1 0 0  0 1 0 0 0 0 0 0  0 1 1 1 1 1 1 0  0 0 0 0 1 0 0 0
|labels 0 |pixels 0 0 0 0 0 0 0 0  0 0 1 1 1 1 0 0  0 1 0 0 0 0 1 0  0 0 0 0 0 0 0 0  0 0 1 1 1 1 0 0  0 1 0 0 0 0 0 0  0 1 1 1 1 1 1 0  0 0 0 0 0 0 0 1
|labels 0 |pixels 0 0 0 0 0 0 0 0  0 0 1 1 1 1 0 0  0 1 0 0 0 0 1 0  1 0 0 0 0 0 1 0  0 0 1 1 1 1 0 0  0 1 0 0 0 0 0 0  0 1 1 1 1 1 1 0  0 0 0 0 0 0 0 0
|labels 0 |pixels 0 0 0 0 0 0 0 0  0 0 1 1 1 1 0 0  0 1 0 0 0 0 1 0  0 0 0 0 0 0 1 0  0 0 1 1 1 1 0 0  0 1 0 0 0 0 1 0  0 1 1 1 1 1 1 0  0 0 0 0 0 0 0 0
|labels 0 |pixels 0 0 0 0 0 0 0 0  0 0 1 1 1 1 0 0  0 1 1 0 0 0 1 0  0 0 0 0 0 0 1 0  0 0 1 1 1 1 0 0  0 1 0 0 0 0 0 0  0 1 1 1 1 1 1 0  0 0 0 0 0 0 0 0
|labels 0 |pixels 0 0 0 0 0 0 0 0  0 0 1 1 1 1 0 0  0 1 0 0 0 0 1 0  0 0 0 0 0 0 1 0  0 0 1 1 1 1 0 0  0 1 0 0 0 0 0 0  0 1 1 1 1 1 1 0  0 0 0 0 0 0 0 0
|labels 0 |pixels 0 0 0 0 0 0 0 0  0 0 1 1 1 1 0 0  0 1 0 0 0 0 1 0  0 0 0 0 0 0 1 0  0 0 1 1 1 1 0 0  0 1 0 0 0 0 0 0  0 1 1 1 1 1 1 0  0 0 0 0 0 0 0 0
|labels 0 |pixels 0 0 0 0 0 0 0 0  0 0 1 1 1 1 0 0  0 1 0 0 0 0 1 0  0 0 0 0 0 0 1 0  0 0 1 1 1 1 0 0  0 1 0 0 0 0 0 0  0 1 1 1 1 1 1 0  0 0 0 0 0 0 0 0
|labels 0 |pixels 0 0 0 0 0 0 0 0  0 0 1 1 1 1 0 0  0 1 0 0 0 0 1 0  0 0 0 0 0 0 1 0  0 0 1 1 1 1 0 0  0 1 0 0 0 0 0 0  0 1 1 1 1 1 1 0  0 0 0 0 0 0 0 0
|labels 0 |pixels 0 0 0 0 0 0 0 0  0 0 1 1 1 1 0 0  0 1 0 0 0 0 1 0  0 0 1 0 0 0 1 0  0 0 1 1 1 1 0 0  0 1 0 0 0 0 0 0  0 1 1 1 1 1 1 0  0 0 0 0 0 0 0 0
|labels 0 |pixels 0 0 0 0 0 0 0 0  0 0 1 1 1 1 0 0  0 1 0 0 0 0 1 0  0 0 0 0 0 0 0 0  0 0 1 1 1 1 0 0  0 1 0 0 0 0 0 0  0 1 1 1 1 1 1 0  0 0 0 0 0 0 0 0
|labels 0 |pixels 0 0 0 0 0 0 0 0  0 0 1 1 1 1 0 0  0 1 0 0 0 0 1 0  0 0 0 0 0 0 1 0  0 0 1 1 1 1 0 0  0 1 0 0 0 0 0 0  0 1 1 1 1 1 1 0  0 0 0 0 0 0 0 0
|labels 0 |pixels 0 0 0 0 0 0 0 0  0 0 1 1 1 1 0 0  0 1 0 0 0 0 1 0  0 0 0 0 0 0 1 0  0 0 1 1 1 1 0 0  0 1 0 0 0 0 0 0  0 1 1 1 1 1 1 0  0 0 0 0 0 0 0 0
|labels 0 |pixels 0 0 0 0 0 0 0 0  0 0 1 1 1 1 0 0  0 1 0 1 0 0 1 0  0 0 0 0 0 0 1 0  0 0 1 1 1 1 0 0  0 1 0 0 0 0 0 0  0 1 1 1 1 1 1 0  0 0 0 0 0 0 0 0
|labels 0 |pixels 0 0 0 0 0 0 1 0  0 0 1 1 1 1 0 0  0 1 0 0 0 0 1 0  0 0 0 0 0 0 1 0  0 0 1 1 1 1 0 0  0 1 0 0 0 0 0 0  0 1 1 1 1 1 1 0  0 0 0 0 0 0 0 0
|labels 0 |pixels 0 0 0 0 0 0 0 0  0 0 1 1 1 1 0 0  0 1 0 0 0 0 1 0  0 0 0 0 0 0 1 0  0 0 1 1 1 1 0 0  0 1 0 0 0 0 0 0  0 1 1 1 1 1 1 0  0 0 0 0 0 0 0 0
|labels 0 |pixels 0 0 0 0 0 0 0 0  0 0 1 1 1 1 0 0  0 1 0 0 0 0 1 0  0 0 0 0 0 0 1 0  0 0 1 1 1 1 0 0  0 1 0 0 0 0 0 0  0 1 1 1 1 1 1 0  0 0 0 0 0 0 0 0
|labels 0 |pixels 0 0 0 0 0 0 0 0  0 0 1 1 1 1 0 0  0 1 0 0 0 0 1 0  0 0 0 0 0 0 1 0  0 0 1 1 1 1 0 0  0 1 0 0 0 0 0 0  0 1 1 1 1 1 1 0  0 0 0 0 0 0 0 0
|labels 0 |pixels 0 0 0 0 0 0 0 0  0 0 1 1 1 1 0 0  0 1 0 0 0 0 1 0  0 0 0 0 0 0 1 0  0 0 1 1 1 1 0 0  0 1 0 0 0 0 0 0  0 1 1 1 1 1 1 0  0 0 0 0 0 0 0 0
|labels 0 |pixels 0 1 0 0 0 0 0 0  0 0 1 1 1 1 0 0  0 1 0 0 0 0 1 0  0 0 0 0 0 0 1 0  0 0 1 1 1 1 0 0  0 1 0 0 0 0 0 0  0 1 1 1 1 1 1 0  0 0 0 0 0 0 0 0
|labels 0 |pixels 0 0 0 0 0 0 0 0  0 0 1 1 1 1 0 0  0 1 0 0 0 0 1 0  0 0 0 0 0 0 1 0  0 0 0 1 1 1 0 0  0 1 0 0 0 0 0 0  0 1 1 1 1 1 1 0  0 0 0 0 0 0 0 0
|labels 0 |pixels 0 0 0 0 0 0 0 0  0 0 1 1 1 1 0 0  0 1 0 0 0 0 1 0  0 0 0 0 0 0 1 0  0 0 1 1 1 1 0 0  0 1 0 0 0 0 0 0  0 1 1 1 1 1 1 0  0 0 0 0 0 0 0 0
|labels 0 |pixels 0 0 0 0 0 0 0 0  0 0 1 1 1 1 0 0  0 1 0 0 0 0 1 0  0 0 0 0 0 0 1 0  0 0 1 1 1 1 0 0  0 1 0 0 0 0 0 0  0 1 1 1 1 1 1 0  0 0 0 0 0 0 0 0
|labels 0 |pixels 0 0 0 0 0 0 0 0  0 0 1 1 1 1 0 0  0 1 0 0 0 0 1 0  0 0 0 0 0 0 1 0  0 0 1 1 1 1 0 0  0 1 0 0 0 0 0 0  0 1 1 1 1 1 1 0  0 0 0 0 0 0 0 0
|labels 0 |pixels 0 0 0 0 0 1 0 0  0 0 1 1 1 1 0 0  0 1 0 0 0 0 1 0  0 0 0 0 0 0 1 0  0 0 1 1 1 1 0 0  0 1 0 0 0 0 0 0  0 1 1 1 1 1 1 0  0 0 0 0 0 0 0 0
|labels 0 |pixels 0 0 0 0 0 0 0 0  0 0 1 1 1 1 0 0  0 1 0 0 0 0 1 0  0 0 0 0 0 0 1 0  0 0 1 1 1 1 0 0  0 1 0 0 0 0 0 0  0 1 1 1 1 1 1 0  0 0 0 0 0 0 0 0
